22942
-0.09997316 -0.10000186 -0.10030902 
-0.09986586 -0.10000719 -0.09999987 
-0.09986617 -0.11535787 -0.09999395 
-0.10530199 -0.05952843 -0.11243036 
0.00000000 -0.06340859 -0.02713809 
0.00000000 -0.06107309 -0.05965412 
0.00000000 -0.08022051 -0.05058209 
0.00000000 -0.19725184 -0.09060033 
0.00000000 -0.34070627 -0.10353194 
0.00000000 -0.28691521 -0.11768521 
-0.10526613 -0.09827696 -0.10990434 
-0.09826421 -0.10164833 -0.10029165 
-0.09858231 -0.10275910 -0.10119937 
-0.09946210 -0.09988969 -0.10048644 
-0.10000000 -0.10103423 -0.09453006 
-0.10045234 -0.10590435 -0.09074397 
-0.11385908 -0.11699165 -0.09190697 
-0.08979921 -0.13570870 -0.11355808 
-0.09168978 -0.12580947 -0.07891469 
-0.09109102 -0.14931834 -0.12536925 
-0.08000000 -0.13850075 -0.14947759 
-0.09599992 -0.10825698 -0.21941069 
-0.09871706 -0.12871501 -0.10315763 
-0.09922617 -0.11717769 -0.10017160 
