12991
-0.08000000 -0.09600027 -0.21718100 -0.08006275 -0.08000000 
-0.08000000 -0.09600000 -0.09601255 -0.09599996 -0.08000000 
-0.08000000 -0.08000000 -0.07999962 -0.07999962 -0.09599989 
0.00000000 -0.07999962 -0.08000000 -0.13999909 -0.13434171 
-0.09135006 -0.15211933 -0.99752589 -0.08000038 -0.09063175 
0.00000000 -0.01354833 -1.11440543 -0.15687200 -0.00232192 
0.00000000 -0.12383081 -1.11231028 -0.00103752 -0.34314393 
0.00000000 -0.02348946 -0.15160179 -0.09512468 0.00000000 
-0.10397080 -0.10564240 0.02840510 -0.02450796 -0.30166748 
-0.08376434 -0.09509361 -0.07198794 -0.08971031 -0.07596977 
-0.08865154 -0.08884489 -0.73100499 -0.15020799 -0.08916746 
-0.10000000 -0.11268214 -0.54205792 -0.11690760 -0.13851822 
-0.10000000 -0.11315415 -0.10055658 -0.11307052 -0.10092230 
-0.09915557 -0.10531083 -0.10083560 -0.10322341 -0.09951428 
-0.08017700 -0.14336242 -0.09995049 -0.13955593 -0.07428985 
-0.07975376 -0.21170628 -0.11944887 -0.18464916 -0.15211380 
-0.07726143 -0.08789420 -0.09349100 -0.08088492 -0.10677054 
-0.05093477 -0.11109428 -0.12434566 -0.12127221 -0.08151734 
-0.06973065 -0.11149512 -0.12209726 -0.09147704 -0.07572112 
0.00000000 -0.09441468 -0.08425839 -0.09806259 -0.05240134 
0.00000000 -0.07110544 0.02934552 -0.04727448 0.00000000 
0.00000000 -0.08255157 -0.03921324 -0.09915549 -0.20745321 
0.00000000 -0.07110674 -0.08088248 -0.11071798 -0.13325623 
-0.07999981 -0.08000000 -0.03875946 -0.08045319 -0.08566507 
-0.08000000 -0.08000000 -0.08006256 -0.08000000 0.00000000 
-0.07999962 -0.07999981 -0.08000019 -0.08000000 -0.09601255 
0.00000000 -0.07641113 -0.08006294 -0.08000000 -0.08000038 
0.00000000 -0.08664375 -0.08009384 -0.14524048 -0.11362274 
-0.07999962 -0.08000000 -0.08006218 -0.15513532 -0.07999962 
-0.08000687 -0.07992466 -0.75808135 -0.08000038 -0.07999752 
-0.07998436 -0.08003891 -0.07999142 -0.14471939 -0.35688026 
0.00000000 -0.12558102 -0.89477640 -0.08005856 -0.14852502 
0.00000000 -0.10506091 -0.30282412 -0.14482544 -0.08667763 
-0.06889618 -0.10962458 -0.76440740 -0.11730745 -0.08591061 
0.00000000 -0.10783353 -0.68286986 -0.09762969 -0.10281904 
-0.07784908 -0.10078367 -0.10984066 -0.11898681 -0.10680533 
-0.08029163 -0.09864855 -0.12024379 -0.09459129 -0.09997216 
-0.09558820 -0.14563084 -0.11677912 -0.11360833 -0.09740683 
-0.07811936 -0.12475072 -0.10113418 -0.19882768 -0.12647310 
0.00000000 -0.16435770 0.05961071 -0.19353898 -0.09212585 
0.00000000 -0.29286924 0.11297859 -0.40051059 -0.04447745 
-0.04756191 -0.09848787 -0.07190150 -0.04966942 -0.11646525 
-0.09031056 -0.09150214 -0.09594123 -0.12452463 -0.07679592 
0.00000000 -0.12441164 -0.01656923 -0.09774230 -0.11014995 
0.00000000 -0.07916687 -0.09042810 -0.08428882 0.00347767 
0.00000000 -0.08395942 -0.09544458 -0.10653253 -0.07480989 
0.00000000 -0.08038452 -0.10136614 -0.12049128 -0.08264530 
0.00000000 0.00000000 -0.08045471 -0.08006256 -0.10390520 
0.00000000 -0.09604498 -0.09921205 0.00000000 -0.08000000 
0.00000000 -0.09604578 -0.09921041 -0.05585297 -0.08000019 
-0.08000038 -0.08000000 -0.08000000 -0.10090996 -0.07461975 
0.00000000 -0.14023149 -0.06492273 0.00000000 -0.31473993 
0.00000000 -0.08910449 -0.63850024 -0.09042481 -0.08000000 
-0.07999504 -0.11988611 -0.10070160 -0.07937725 -0.07999409 
-0.07998226 -0.17752473 -0.07999294 -0.11950449 -0.08003929 
-0.08001927 -0.09981430 -0.09083185 -0.17604704 -0.24901322 
-0.07702721 -0.11076021 -0.66200938 -0.08675507 -0.08478914 
0.00000000 0.21603877 -0.22624061 -0.19466173 -0.07347267 
-0.06181801 -0.10326586 -0.58115306 -0.07582558 -0.06445755 
-0.05630844 -0.08322696 -0.19065677 -0.09799258 -0.10939431 
-0.09606878 -0.10640303 -0.09783870 -0.10052093 -0.09763512 
-0.09423753 -0.09820223 0.00031208 -0.11665791 -0.09598749 
-0.08037174 -0.10542281 0.02079019 -0.10199424 -0.09870019 
0.00000000 -0.07555261 -0.05588041 -0.13767465 -0.07526056 
-0.06841601 -0.22953309 0.09302782 -0.08416010 -0.09120621 
-0.06376703 -0.03264642 -0.07786366 -0.08279465 -0.09859520 
-0.07187927 -0.10368275 -0.08733216 -0.07540064 -0.07989044 
-0.12231396 -0.08886194 -0.12139285 -0.08871233 -0.05279749 
0.00000000 -0.06649192 -0.08795313 -0.07466553 -0.08685602 
0.00000000 -0.13770984 -0.00948131 0.00000000 -0.07123424 
0.00000000 -0.08004578 -0.07627405 -0.08294336 -0.11075170 
0.00000000 -0.09604494 0.00000000 -0.08006294 -0.09916809 
0.00000000 -0.09667963 -0.11082154 -0.04281891 0.00000000 
0.00000000 -0.05502747 -0.07676514 -0.11151422 -0.13213434 
0.00000000 -0.06032227 -0.09211853 -0.05050699 -0.05677044 
0.00000000 -0.07999905 0.00000000 0.00000000 -0.03131999 
0.00000000 0.00000000 0.00000000 -0.03356655 -0.07998570 
-0.05323666 -0.04365161 -0.09421204 0.00000000 0.00000000 
0.00000000 -0.06739014 -0.02662810 -0.10948087 -0.08005856 
-0.07448681 -0.01164711 -0.01850403 -0.16877716 -0.19958237 
0.00000000 -0.07538309 0.00000000 -0.18838346 0.21168589 
0.00000000 -0.06147539 -0.29864701 -0.04755758 -0.00942772 
0.00000000 0.00000000 -0.07513599 0.01519797 -0.01469952 
-0.07998245 -0.09121341 -0.10288255 -0.10317270 -0.08690460 
-0.09903162 -0.09971821 -0.10521795 -0.09873765 -0.10094192 
-0.06780975 -0.05625379 -0.09801258 -0.10064967 -0.07999972 
0.00000000 -0.11292036 -0.08749120 -0.07545124 -0.10096964 
0.00000000 -0.05285268 -0.06566326 -0.09358090 -0.08788485 
0.00000000 -0.03606119 -0.04794685 0.43711630 -0.07786361 
0.00000000 -0.04044843 0.23692297 -0.01590881 -0.05453323 
0.00000000 -0.16126276 -0.00351131 -0.05788962 -0.09587922 
0.00000000 -0.09436060 -0.10255470 -0.15621308 -0.09806493 
0.00000000 -0.09046960 -0.07466705 -0.09230010 -0.07466705 
0.00000000 -0.08088349 0.00000000 -0.07736394 -0.07355469 
0.00000000 -0.08855731 -0.09705682 -0.08874329 -0.10714474 
-0.08003128 -0.07981632 -0.08172119 -0.15787882 0.00000000 
-0.08325489 -0.23630463 -0.09809393 -0.09165791 -0.10095525 
-0.08092411 -0.15558649 -0.08184841 -0.07475632 -0.12193231 
0.00000000 -0.08011177 -0.08184784 0.01789960 -0.02267543 
-0.08092392 -0.08041504 -0.08184860 0.00000000 -0.08000801 
-0.07871712 -0.09529471 -0.08277233 0.06729111 -0.08041485 
0.00000000 -0.05062497 -0.04118644 -0.00068540 -0.14288452 
0.00000000 -0.13960083 -0.08984002 -0.01760858 -0.08001850 
-0.09907540 -0.18428696 -0.13959931 -0.16939820 -0.12373779 
-0.08081558 -0.08327969 -0.72375249 -0.11606339 -0.11164636 
-0.08135441 -0.08666866 -0.41743935 -0.08439873 -0.07745452 
0.00000000 -0.10442959 -0.15913919 -0.09570779 -0.03501539 
0.00000000 -0.09918882 -0.10692569 -0.28333899 -0.07951630 
-0.08003567 -0.11356861 -0.10146613 -0.09301444 -0.09726350 
0.00000000 -0.12784496 -0.09911541 -0.08310019 -0.10017063 
-0.06589134 -0.22995960 -0.10761927 -0.08425073 -0.09882646 
-0.06558979 -0.11929277 -0.07342747 -0.39040789 -0.09143773 
-0.07136276 -0.09865192 -0.07709625 0.12193565 -0.08332357 
-0.11495732 -0.23451088 -0.81077017 -0.13531961 0.06819129 
0.00000000 -0.08449487 -0.06965991 -0.36366179 -0.08929654 
0.00000000 -0.12629822 -0.01495331 -0.24397257 -0.09043161 
0.00000000 -0.08088501 0.00504181 -0.08147534 -0.02825437 
0.00000000 -0.08088196 -0.27645234 -0.05062769 -0.06738675 
0.00000000 -0.07981632 0.00000000 -0.09527937 -0.09804926 
-0.07034920 -0.13305780 -0.07981632 -0.08184841 -0.07981632 
-0.08092392 -0.09551591 -0.10142954 -0.09892295 -0.10214435 
-0.08092411 -0.08615367 -0.10389688 -0.11289102 -0.09808351 
-0.07999905 -0.11313904 -0.08253312 -0.07999333 -0.12120865 
-0.08002995 -0.08005970 -0.09160691 -0.11379631 -0.08062275 
-0.07013443 -0.08910092 -0.11522253 -0.07182854 -0.26519297 
-0.05631111 -0.00195168 -0.94601058 -0.06883242 -0.08008946 
-0.04459675 -0.10497440 -0.26915668 -0.06163529 -0.07824570 
0.00000000 0.00000000 -0.72969803 -0.21762710 -0.08593033 
0.00000000 -0.08728607 -0.04798554 0.00000000 -0.29177369 
0.00000000 -0.09683839 -0.07043484 0.00000000 -0.03367210 
-0.07465923 -0.10131432 -0.10530637 -0.08252078 -0.09717477 
0.00000000 -0.12184275 -0.20366370 -0.12421710 -0.07163895 
0.00000000 -0.08571545 -0.22337127 -0.08038844 -0.09034484 
-0.07692841 -0.11501190 -0.09535774 -0.08000534 -0.10377680 
-0.06618870 -0.09711510 -0.07911192 -0.03969350 -0.07770905 
-0.07249687 -0.17418877 -0.10073159 -0.10610315 -0.31601198 
-0.04576395 -0.06865016 -0.99437172 -0.13969600 -0.05637475 
-0.06311176 -0.10311733 -0.08959398 -0.19280670 -0.09789176 
0.00000000 -0.23897326 -0.02677190 -0.25138063 -0.08609560 
0.00000000 -0.08001831 -0.00195375 -0.04630962 -0.04151132 
-0.08049152 -0.11046671 -0.35366868 -0.08067597 -0.09761804 
0.00000000 -0.08914750 -0.09893411 -0.10445629 -0.03006591 
-0.08072384 -0.09921620 -0.09752117 -0.09185061 -0.09527937 
-0.08511513 -0.09496133 -0.10062996 -0.22477487 -0.16538665 
-0.08003491 -0.09892101 -0.08845890 -0.08050926 -0.11238179 
-0.08040989 -0.08472078 -0.09634103 -0.10409169 -0.29533814 
-0.05840366 -0.06340036 -0.08236465 -0.13840149 -0.07878616 
0.00000000 -0.07511795 -0.79150447 -0.12414148 -0.22173718 
0.00000000 -0.02933215 -0.63531748 -0.13998688 -0.32457235 
-0.06376465 -0.11252349 -0.14547485 -0.05016125 -0.04612988 
0.00000000 -0.33058899 -0.31548934 -0.14963709 -0.09138601 
0.00000000 -0.33267182 -0.04536974 -0.23350939 -0.08075274 
0.00000000 0.00000000 -0.43681482 -0.17591608 -0.22407196 
-0.09052017 -0.11156033 -0.15450791 -0.07974976 -0.07962616 
-0.08872784 -0.10618351 -0.11156033 0.04362378 -0.11156033 
-0.07158402 0.02195273 -0.16462528 -0.08551415 -0.08828382 
0.00000000 -0.07551302 -0.10368889 -0.08366510 -0.06414884 
0.00000000 -0.07976807 0.00000000 -0.18714875 -0.11999826 
0.00000000 -0.07838295 -0.08012074 -0.07997406 -0.02912018 
0.00000000 -0.10638988 -0.03553818 -0.44660294 -0.10586364 
-0.07956112 -0.10475378 -0.15297578 -0.07944725 -0.20590947 
-0.07332466 -0.05538523 -0.07443205 -0.05617037 -0.09133194 
-0.08104942 -0.08209828 -0.06564334 -0.14560992 -0.02819664 
-0.03910797 -0.06064558 -0.26788534 -0.09327495 -0.05364868 
-0.08191307 -0.11967781 -0.06719813 -0.09150758 -0.09730058 
-0.08416012 -0.08832081 -0.08098381 -0.03959093 -0.07729410 
-0.08049210 -0.08053599 -0.08098381 -0.29528479 -0.08204735 
-0.13887514 -0.09578026 -0.13168745 -0.19483269 -0.11269540 
-0.08260983 -0.12160873 -0.12218756 -0.10197680 -0.10447007 
0.00000000 -0.08957391 -0.10304058 -0.09571978 -0.20399530 
0.00000000 -0.10029724 -0.11422113 -0.07631348 -0.14916657 
0.00000000 -0.10381930 0.00000000 -0.12647333 -0.10799585 
0.00000000 -0.09219826 -0.05005077 -0.12652901 -0.12473267 
0.00000000 -0.34540720 -0.02939199 -0.18963709 -0.16858109 
0.00000000 -0.19390229 -0.05870172 -0.16939820 -0.20005687 
0.00000000 -0.21454248 -0.22488123 -0.22384699 -0.19349634 
0.00000000 -0.15976304 -0.16854517 -0.16036270 -0.13507060 
0.00000000 0.00000000 -0.07986248 -0.17870127 -0.10391384 
-0.09052017 -0.14036035 -0.11805792 -0.13150316 -0.11156033 
0.00000000 -0.06428650 -0.09114170 -0.04416187 -0.09853819 
0.00000000 -0.08138779 0.00000000 -0.44524729 -0.08263788 
0.00000000 -0.10484468 -0.08208206 -0.44625748 -0.07931183 
0.00000000 0.00000000 -0.10315950 0.00000000 -0.08258331 
0.00000000 0.00000000 0.00000000 -0.00168769 -0.03011177 
0.00000000 -0.08050964 0.00000000 0.00000000 -0.15522664 
0.00000000 -0.08166626 0.59499873 -0.01468068 -0.02716440 
0.00000000 0.01812689 -0.10244478 -0.16386994 -0.08285111 
-0.08268288 -0.08629273 -0.42447938 -0.18545722 0.20408769 
-0.08341301 -0.08736885 -0.43716702 -0.18269623 -0.29335640 
0.00000000 -0.09054262 -0.09141052 -0.06343757 -0.09226845 
0.00000000 -0.06783016 -0.08580521 -0.06584662 -0.12048450 
-0.08019703 -0.08674456 -0.08088921 -0.09078278 -0.08196705 
0.00000000 -0.10066261 -0.11915671 -0.09056497 -0.40446934 
0.00000000 -0.11723979 -0.10842679 -0.09638434 -0.10689275 
0.00000000 -0.04832123 -0.09484223 -0.07636231 -0.17229364 
0.00000000 0.00991950 -0.06903656 -0.20997598 -0.08622711 
0.00000000 -0.12407273 -0.03663605 -0.08033359 -0.19501160 
0.00000000 0.00000000 -0.10137451 0.00000000 -0.19358926 
0.00000000 -0.16939820 0.00000000 0.00000000 -0.26112336 
0.00000000 -0.11885651 -0.15593384 0.00000000 -0.22020441 
0.00000000 -0.24907434 -0.17484482 -0.16510819 -0.17123445 
0.00000000 -0.16408902 -0.16631554 -0.17626092 -0.05204007 
0.00000000 -0.17596680 -0.17721109 -0.13171662 -0.31608834 
0.00000000 -0.11753262 0.00000000 -0.59662310 -0.10068998 
0.00000000 -0.11477478 -0.29107828 -0.13749342 -0.08060921 
0.00000000 0.00000000 -0.21630972 -0.05544098 -0.10827873 
0.00000000 0.00000000 0.00000000 0.00000000 0.00000000 
0.00000000 -0.07962387 0.00000000 -0.04933939 0.00000000 
0.00000000 -0.03933668 -0.08023823 0.05914999 -0.05840737 
-0.07834499 -0.07343758 -0.60307995 -0.07390833 -0.08855031 
0.00000000 -0.01448894 -0.49136659 -0.14717224 -0.04439972 
0.00000000 -0.05219544 -0.15916962 -0.06161805 -0.07428392 
0.00000000 0.19201281 -0.09747430 -0.07381708 -0.07353815 
0.00000000 0.18279929 -0.10060911 -0.07743347 -0.07493749 
0.00000000 -0.05910134 -0.07642219 -0.03589990 -0.16452362 
-0.06349056 -0.06453676 -0.19174246 -0.22207498 -0.07576478 
0.00000000 -0.11193353 -0.09834146 -0.10503117 -0.22514013 
0.00000000 -0.07428406 -0.10042273 -0.05478485 -0.16047862 
0.00000000 -0.08007630 -0.10256622 -0.06479283 -0.12843927 
0.00000000 -0.10412856 -0.09055145 -0.10429056 -0.11678110 
0.00000000 -0.08964946 -0.09452697 -0.16601074 -0.11425577 
0.00000000 0.00000000 -0.08786371 -0.14203861 0.00000000 
0.00000000 -0.06276646 0.00000000 -0.02885756 0.00000000 
0.00000000 -0.00417683 -0.04056650 -0.18491646 0.00000000 
0.00000000 -0.07354391 -0.07710009 0.00000000 -0.18702745 
0.00000000 -0.12683707 0.00000000 -0.18076413 -0.22730245 
0.00000000 -0.17057001 -0.12848175 -0.02165039 -0.22821994 
0.00000000 -0.14297150 -0.11407016 -0.09226385 -0.15559000 
0.00000000 -0.10442317 -0.11607750 0.00000000 -0.08009918 
0.00000000 -0.05939148 -0.07545808 -0.09580353 -0.07897855 
0.00000000 -0.05939148 -0.06369589 0.00000000 0.00000000 
0.00000000 -0.06150940 -0.05885773 -0.20352600 0.00000000 
0.00000000 0.35944402 -0.06636780 0.00000000 -0.08044499 
-0.07520378 -0.09090952 -0.32702969 -0.06561058 -0.07124154 
0.00000000 -0.07104309 -0.07040699 -0.11061981 -0.10388001 
0.00000000 0.19357367 -0.03964356 -0.02986661 -0.04568327 
-0.07599857 -0.08759277 -0.07199696 -0.07742426 -0.05803192 
0.00000000 0.00000000 0.00000000 -0.12117304 -0.18685539 
-0.07598408 -0.03106592 -0.16206101 -0.08930047 -0.09291345 
0.00000000 -0.12323774 -0.09183014 -0.29072559 -0.15121857 
0.00000000 0.00000000 -0.09384554 -0.09345825 -0.10528687 
0.00000000 -0.03048676 0.00000000 -0.09228204 -0.18671387 
0.00000000 -0.04533203 0.00000000 -0.21376680 -0.01269249 
0.00000000 0.00000000 -0.08795831 -0.08739287 -0.22468240 
0.00000000 -0.08134430 -0.11101921 0.00000000 -0.07400787 
0.00000000 0.00000000 -0.11101883 -0.06652498 0.00000000 
0.00000000 -0.06384182 0.00000000 -0.24869278 -0.02149326 
0.00000000 -0.12312754 -0.05982402 0.00000000 0.08772234 
0.00000000 -0.08136976 0.00000000 -0.07316559 -0.08010672 
0.00000000 -0.16848229 -0.09700411 -0.07692768 -0.17787481 
0.00000000 0.00000000 -0.14687742 0.00000000 -0.05112122 
0.00000000 0.00000000 -0.04384506 -0.08127869 -0.14218262 
0.00000000 0.00000000 -0.10650910 -0.07307327 0.00000000 
0.00000000 -0.05547418 -0.08030518 -0.08245438 0.00000000 
0.00000000 -0.04392670 -0.05370885 -0.11945160 0.00000000 
0.00000000 0.36620769 0.00000000 -0.44507569 0.00000000 
0.00000000 0.00000000 0.00000000 0.00000000 0.32631642 
0.00000000 -0.02746908 0.00000000 -0.04891327 0.43998788 
-0.07599857 0.03665272 -0.06843200 -0.06399372 0.00000000 
0.00000000 0.00000000 -0.07199677 0.00000000 -0.04788634 
0.00000000 0.08502082 0.00000000 -0.08663300 -0.06352051 
0.00000000 0.13878562 -0.08331574 -0.16468858 -0.09695938 
-0.07257317 -0.09526261 -0.10837122 -0.09710930 0.12199777 
0.00000000 0.00000000 -0.14398348 -0.09842453 -0.06775363 
0.00000000 -0.08710833 -0.07177170 -0.09112178 0.00000000 
0.00000000 -0.08600023 -0.09372888 -0.07258039 0.01471016 
0.00000000 -0.10731166 -0.05983022 -0.18148839 -0.00891083 
0.00000000 -0.11101921 -0.09722681 -0.08131255 -0.12781545 
0.00000000 0.00000000 0.00000000 0.00000000 -0.12652901 
0.00000000 -0.17541948 0.00000000 0.01859667 0.00000000 
0.00000000 0.00000000 0.04753906 -0.30574864 -0.12462733 
0.00000000 -0.08292683 0.00000000 -0.06394079 -0.02003296 
0.00000000 -0.01792555 -0.08630399 0.00000000 0.00000000 
0.00000000 0.00000000 -0.09025570 -0.06266049 -0.05606725 
0.00000000 0.00000000 0.00000000 -0.04575470 0.00000000 
0.00000000 0.00000000 -0.06037872 0.00000000 0.00000000 
0.00000000 -0.06560007 0.00000000 0.00000000 -0.05026367 
0.00000000 -0.04222382 -0.09733591 -0.11940430 0.05810050 
0.00000000 -0.02933777 -0.07293298 0.00000000 -0.09166382 
0.00000000 -0.15914582 -0.02125824 -0.35562256 0.14191151 
0.00000000 0.00000000 0.00000000 0.00000000 0.06491119 
0.00000000 0.18541683 0.00000000 -0.10013372 0.00000000 
0.00000000 -0.10339783 -0.06799534 0.00000000 0.00861998 
0.00000000 -0.04526742 -0.56858643 -0.09647034 0.00000000 
0.00000000 -0.11777185 -0.12755785 -0.12957733 -0.07996185 
0.00000000 -0.09434577 -0.00686920 -0.18340619 -0.05590873 
0.00000000 -0.06720800 -0.08898870 -0.18841112 -0.27491594 
0.00000000 -0.09375447 -0.08292797 -0.11131450 -0.10159893 
0.00000000 -0.05252503 -0.09565699 -0.06500897 -0.07119836 
0.00000000 -0.07301148 -0.07658830 -0.00343100 -0.09633387 
0.00000000 -0.09831818 -0.09422418 -0.09147455 -0.10086770 
0.00000000 -0.19205364 -0.06658753 -0.02490008 -0.11290405 
0.00000000 0.00000000 -0.08980835 -0.32741824 0.00000000 
0.00000000 0.00000000 0.06311524 -0.25165547 -0.08858186 
0.00000000 0.00000000 -0.61528863 -0.06122316 0.02266820 
0.00000000 -0.06879671 0.24008642 0.00000000 0.00000000 
0.00000000 0.00000000 0.07581207 -0.05840157 -0.05880783 
0.00000000 0.00000000 -0.01285828 -0.06255407 0.00000000 
0.00000000 -0.08308457 -0.00998199 -0.19068573 0.00000000 
0.00000000 -0.08411224 -0.13352478 0.00000000 0.00000000 
0.00000000 -0.08411148 0.00000000 0.00000000 0.00000000 
0.00000000 -0.11148355 0.00000000 -0.11304102 -0.08017548 
0.00000000 0.00000000 -0.09913223 -0.06809815 -0.08618134 
0.00000000 -0.18437928 0.00000000 0.00000000 0.08675513 
0.00000000 0.00000000 -0.11741760 -0.09511307 0.00000000 
0.00000000 0.00000000 0.00000000 -0.05867470 -0.08880432 
0.00000000 0.00000000 0.00000000 0.00000000 -0.03359175 
0.00000000 -0.11323517 -0.02334716 -0.20979431 0.00000000 
0.00000000 -0.14236878 -0.11323670 -0.18600281 -0.18940020 
0.00000000 -0.17043718 -0.14171106 -0.20473908 -0.20506860 
0.00000000 -0.07713745 -0.47982844 -0.50261687 -0.12766153 
0.00000000 -0.07389417 -0.06137169 -0.09903538 -0.12415982 
0.00000000 -0.09092249 -0.09114629 -0.06898108 -0.10929529 
0.00000000 0.00000000 -0.09646730 -0.03213623 -0.05834169 
0.00000000 -0.01607871 0.00000000 0.01501038 -0.05587640 
0.00000000 0.00000000 0.02664330 -0.02473114 -0.02835053 
0.00000000 0.00000000 -0.04146758 0.00000000 0.00000000 
0.00000000 0.00000000 0.19382033 -0.10986641 -0.13991821 
0.00000000 0.00000000 0.16421234 0.00000000 -0.06132583 
0.00000000 0.00000000 0.00000000 -0.20141247 0.00000000 
0.00000000 0.00000000 -0.06583050 -0.11778534 -0.06615494 
0.00000000 0.00000000 -0.06903246 -0.08877969 -0.07069142 
0.00000000 -0.09927414 0.00000000 -0.08308380 -0.08411072 
0.00000000 -0.02381790 0.00000000 -0.12106646 -0.11382874 
0.00000000 -0.09679987 -0.10533465 -0.07509387 0.00000000 
0.00000000 -0.07756764 -0.10276561 -0.03078180 -0.09931451 
0.00000000 -0.04603740 -0.07131216 -0.07928141 -0.06507385 
0.00000000 -0.16128662 -0.06620237 0.00000000 0.01516121 
0.00000000 0.00000000 -0.08838184 0.00000000 -0.12704409 
0.00000000 -0.08800095 0.00000000 -0.06952364 0.00000000 
0.00000000 0.45130180 -0.03523327 -0.08152490 -0.06800354 
0.00000000 -0.15386430 -0.08260620 -0.10407074 0.07778198 
0.00000000 -0.09951898 0.00000000 0.00000000 -0.17933245 
0.00000000 -0.04847038 -0.06873307 0.01543610 -0.17909668 
0.00000000 -0.09682886 -0.04943066 -0.09513082 -0.12935205 
0.00000000 -0.09065438 -0.10301111 -0.31321909 -0.12399109 
0.00000000 -0.36545905 -0.15671350 -0.21612978 -0.07370102 
0.00000000 -0.08791933 -0.09182853 -0.10060766 -0.06354492 
0.00000000 0.00000000 -0.08047913 -0.05966265 -0.02605141 
0.00000000 -0.06486786 -0.07933167 -0.04442719 0.00000000 
0.00000000 -0.10334633 -0.07016419 0.00000000 0.00000000 
0.00000000 -0.03731525 -0.58223428 -0.15751770 -0.10048359 
0.00000000 0.00000000 -0.39504288 -0.24971522 0.57040553 
0.00000000 -0.10340250 -0.48682956 -0.20309876 0.00000000 
0.00000000 -0.11336182 -0.07504719 -0.25044604 -0.07056473 
0.00000000 -0.11463190 -0.14605808 0.00000000 -0.08877966 
0.00000000 0.00000000 -0.08703278 0.00000000 -0.09777536 
0.00000000 -0.04714329 0.00000000 -0.15155178 -0.10017517 
0.00000000 -0.07468187 -0.02379852 -0.07662908 -0.08473892 
0.00000000 -0.01209425 -0.01885972 -0.04749734 -0.11326116 
0.00000000 0.17294022 -0.04057683 -0.08132828 -0.06921013 
0.00000000 -0.04889307 -0.05372035 -0.03201183 -0.10527988 
0.00000000 -0.10226372 -0.06912239 -0.05908727 0.00000000 
-0.09736145 -0.27090615 -0.06971405 -0.05557811 -0.09066742 
-0.11009567 -0.11119431 -0.08800057 -0.12033394 0.16573085 
-0.09723137 -0.10904892 -0.09687317 -0.07892151 -0.13966921 
0.00000000 -0.04170077 -0.03453583 -0.31992424 0.00000000 
0.00000000 -0.06623810 -0.04916381 0.00000000 0.00000000 
0.00000000 -0.07390411 -0.07682161 -0.05900696 -0.10086786 
0.00000000 -0.28568695 -0.14784059 -0.18301523 -0.12663291 
0.00000000 -0.13178186 -0.14251221 -0.11072461 -0.01351154 
0.00000000 -0.10483392 -0.08951964 -0.08353530 -0.12016551 
0.00000000 -0.09557733 -0.10463989 -0.37896427 -0.02681347 
0.00000000 -0.23597229 -0.15557984 -0.18279901 -0.07820557 
0.00000000 -0.12949036 -0.13981598 -0.09937799 0.00000000 
0.00000000 0.00000000 -0.09126557 -0.18297089 -0.18109101 
0.00000000 0.00000000 0.00000000 -0.05234276 0.40970620 
0.00000000 0.00000000 -0.07332428 -0.24570177 -0.12537153 
0.00000000 -0.11148470 -0.57535261 0.00000000 0.00000000 
0.00000000 0.00000000 -0.59757580 -0.08533142 -0.11138250 
0.00000000 -0.13090655 -0.49557036 0.00000000 0.00000000 
0.00000000 -0.06844603 -0.26696728 -0.10327425 -0.14362064 
0.00000000 -0.07703860 -0.05628631 0.05699572 -0.02063072 
0.00000000 -0.01499493 -0.03630916 -0.11702219 0.05565888 
0.00000000 -0.18182019 -0.10994827 -0.11122205 -0.19344840 
0.00000000 -0.10127096 -0.14343771 -0.01484410 -0.20473189 
0.00000000 0.16970846 -0.17857010 -0.07145159 -0.09865006 
-0.05365723 0.14238086 -0.12209252 -0.07562402 -0.05791410 
0.00000000 -0.26279572 -0.01491249 -0.14581879 0.18497520 
0.00000000 -0.07884898 -0.11472138 -0.07079997 -0.11095056 
0.00000000 -0.10501068 -0.06523187 -0.06774109 -0.05069662 
0.00000000 0.00000000 -0.08878754 0.00000000 0.00000000 
0.00000000 -0.06206140 0.00000000 -0.39613465 -0.08902405 
0.00000000 -0.08441895 -0.07758362 -0.74425859 -0.12226526 
0.00000000 -0.09990167 -0.10496357 -0.07740527 -0.10891092 
0.00000000 -0.00475439 -0.11201823 -0.15557588 -0.27218402 
0.00000000 -0.32191895 -0.11985857 -0.34053125 -0.12564972 
0.00000000 -0.09126557 -0.13992890 -0.12270463 -0.08013886 
0.00000000 -0.10951868 -0.09571954 0.00000000 -0.14529901 
0.00000000 -0.09126557 -0.13138299 -0.18297699 -0.09689911 
0.00000000 -0.11324127 0.00000000 -0.56723451 -0.00038837 
0.00000000 -0.07249838 0.00000000 0.00000000 -0.08798187 
0.00000000 -0.09632194 -0.03168490 0.00000000 0.00000000 
0.00000000 0.00000000 -0.15995095 -0.12027063 -0.10814905 
0.00000000 -0.12428864 -0.04511688 -0.12911614 -0.17170591 
0.00000000 0.00000000 -0.56294006 -0.07453273 -0.07388414 
0.00000000 -0.00598647 -0.16669969 0.15413337 -0.03018005 
0.00000000 -0.20618546 -0.09455602 -0.16355766 -0.03389671 
0.00000000 -0.19524300 -0.04233976 -0.14958334 -0.21731786 
0.00000000 -0.09729021 -0.05655895 0.00000000 -0.21992471 
-0.08566368 -0.09699085 -0.11135681 -0.19463356 -0.12300292 
-0.05686119 -0.07167900 -0.28302626 -0.00410653 -0.07090433 
0.00000000 -0.07816964 -0.01843900 -0.06060608 -0.10324562 
0.00000000 0.00000000 -0.05685709 -0.08026282 -0.01743525 
0.00000000 0.00000000 0.00000000 0.35782203 0.00000000 
0.00000000 0.00000000 0.00000000 -0.00737848 0.00000000 
0.00000000 -0.23229990 -0.02970763 -0.55394715 0.00000000 
0.00000000 -0.09927541 -0.01015468 -0.26050232 -0.10725824 
0.00000000 -0.09105382 -0.09648560 -0.07967651 -0.10941500 
0.00000000 -0.08693599 -0.10223842 -0.08156555 -0.19048456 
0.00000000 -0.15819391 -0.14835026 -0.23958550 -0.22284038 
0.00000000 -0.09307526 -0.08138609 0.00000000 -0.10175903 
0.00000000 0.00000000 0.00000000 -0.16796997 -0.07531061 
0.00000000 0.00000000 -0.06555181 0.00000000 -0.15722931 
0.00000000 -0.17496155 0.00000000 0.00000000 0.39503358 
0.00000000 0.00000000 0.00000000 -0.79802675 0.00000000 
0.00000000 0.00000000 0.00000000 0.00000000 0.00000000 
0.00000000 0.00000000 0.00000000 -0.49120117 -0.18721054 
0.00000000 0.00000000 -0.65102909 -0.07168429 -0.16779465 
0.00000000 0.08307926 -0.14136017 -0.02652967 -0.07315135 
0.00000000 -0.07049781 -0.08906340 -0.10491844 -0.10349991 
0.00000000 -0.16418159 -0.09183683 -0.08949771 -0.14626536 
-0.11288479 -0.16937397 -0.11669714 -0.11582229 -0.23356010 
-0.10304688 -0.23100651 -0.08334721 -0.08040617 0.05166199 
-0.08757237 -0.31959332 -0.12274969 0.06247500 -0.10064743 
0.00000000 -0.06367157 0.04576946 -0.06120194 -0.27740582 
0.00000000 -0.22945502 0.09495855 -0.03494655 -0.06071871 
0.00000000 -0.08452530 0.05447586 -0.09937421 -0.09478661 
0.00000000 0.00000000 -0.15682498 0.00000000 0.00000000 
0.00000000 -0.05037964 -0.29989466 0.00000000 0.00000000 
0.00000000 -0.26759995 -0.05115618 0.00000000 -0.07754028 
0.00000000 -0.29150971 -0.19011963 -1.03165331 -0.10301026 
0.00000000 0.00000000 -0.06883667 0.00000000 0.00000000 
0.00000000 -0.07554987 0.00000000 0.00000000 0.00000000 
0.00000000 -0.29740113 -0.04125336 0.00000000 -0.21782648 
0.00000000 0.00000000 0.00000000 0.00000000 -0.11424530 
0.00000000 -0.10895050 0.00000000 -1.03046388 -0.03485687 
0.00000000 -0.10283020 -0.10894898 -0.07782105 -0.27465332 
0.00000000 -0.08486145 -0.08529785 -0.10616882 -0.05924805 
0.00000000 0.00000000 -0.19965943 -0.11504297 0.00000000 
0.00000000 -0.10750178 0.00000000 0.00000000 0.00000000 
0.00000000 -0.06256778 -0.66459497 -0.47419977 -0.08029037 
0.00000000 -0.07873505 -0.07331333 -0.18678560 -0.28216587 
0.00000000 -0.12398727 -0.22040837 -0.11178980 -0.06318113 
0.00000000 -0.16942421 -0.11264144 0.04832907 -0.08686728 
-0.07901524 -0.11214573 -0.12172164 -0.09753729 -0.09237460 
-0.08075646 -0.13058901 -0.10247904 -0.09045247 -0.11912738 
-0.08183430 -0.17919490 -0.08759927 -0.10229520 0.04874137 
-0.11398152 -0.06727187 -0.02624515 -0.03664568 -0.33464077 
-0.04677017 -0.16700616 -0.07499413 -0.08854378 0.00000000 
-0.05573853 -0.10725576 -0.07655451 -0.08854340 0.04099983 
-0.09046143 -0.14639246 -0.09377207 -0.75180444 -0.08978044 
0.00000000 -0.25455063 -0.11077272 0.00000000 0.13863550 
0.00000000 0.00000000 -0.09051712 -0.08420227 0.00000000 
0.00000000 0.00000000 0.00000000 -0.11354730 0.00000000 
0.00000000 0.00000000 -0.09178513 -1.08515825 -0.26227234 
-0.10931404 -0.12349480 0.00000000 0.00000000 0.00000000 
-0.09691284 -0.24322899 -0.15431870 -0.09477814 0.00000000 
0.00000000 0.00000000 -0.10291298 0.00000000 0.00000000 
0.00000000 0.00000000 0.00000000 0.00000000 0.00000000 
0.00000000 -0.06789063 0.00000000 0.00000000 -0.11972016 
0.00000000 -0.06879089 -0.06503418 -0.07639282 -0.23947595 
0.00000000 -0.07870911 -0.09879663 -0.09933069 -0.12648645 
0.00000000 -0.20127991 -0.09695276 0.00000000 -0.12872132 
0.00000000 0.00000000 0.00000000 -0.26732183 0.00000000 
0.00000000 -0.05737291 0.05195496 -0.56424505 0.00000000 
0.00000000 -0.14566049 -0.04911523 -0.08577048 -0.11151837 
0.00000000 -0.09785622 -0.09864732 -0.06907614 -0.09549766 
0.00000000 -0.09215504 -0.06182106 -0.10545550 -0.12179779 
-0.07834728 -0.10989884 -0.08919294 -0.10678568 -0.13271788 
-0.07834728 -0.09158896 -0.01850755 -0.09285041 -0.08266542 
-0.05452641 -0.07394237 -0.05982739 -0.10192586 0.02466931 
0.00000000 -0.39210785 -0.07448888 -0.17537073 -0.27451161 
0.00000000 -0.09281586 -0.13555933 -0.12808328 0.15964430 
0.00000000 0.00000000 -0.05446985 0.00000000 -0.07704759 
0.00000000 0.00000000 -0.00612862 -0.00476959 -0.11685777 
-0.06742371 -0.07497336 -0.09164548 -0.11330881 -0.16961258 
0.00000000 0.00000000 -0.04424012 0.00000000 -0.08827713 
-0.06930054 -0.09725388 -0.14829949 -0.50893372 -0.32481698 
0.00000000 0.00000000 -0.08954247 -0.08000019 -0.10552872 
0.00000000 -0.08023327 -0.06935144 -0.05245977 0.00000000 
0.00000000 -0.08975151 -0.07997254 0.00000000 -0.23079403 
-0.09134834 -0.16850289 -0.09215553 -0.03407829 0.00000000 
-0.08001259 -0.08002480 -0.08136719 0.00000000 0.00000000 
-0.07979630 -0.08002937 -0.07959145 -0.08053806 0.00000000 
-0.07999542 -0.13549011 -0.07988327 -0.07759216 -0.10337647 
0.00000000 -0.29105652 -0.08137940 -0.09540895 -0.10086589 
0.00000000 -0.10884118 -0.06243677 -0.10374689 -0.08262146 
0.00000000 -0.08538941 -0.11318201 -0.09962366 -0.15696839 
0.00000000 -0.11095792 -0.08148316 -0.14490980 -0.04446118 
-0.09739159 -0.11894045 -0.68241967 -0.16420381 -0.11904638 
-0.09083202 -0.08857882 -0.62646524 -0.09280098 -0.08386787 
-0.09349917 -0.10618676 -0.20500344 -0.10074170 -0.11374413 
-0.09374531 -0.10025279 -0.25061079 -0.10015025 -0.16698594 
-0.05136574 -0.06705621 -0.16131265 -0.10078574 -0.12692576 
-0.07492645 -0.09477659 -0.11438049 -0.13213305 -0.08954353 
0.00000000 -0.13822462 -0.11019727 -0.08948139 -0.32449896 
0.00000000 -0.33957727 -0.10639043 -0.17068070 -0.15668633 
0.00000000 -0.16485642 -0.12968500 0.00000000 0.00000000 
0.00000000 -0.22144632 0.00000000 -0.09855056 -0.04874695 
0.00000000 -0.15776514 -0.06785858 -0.10746282 -0.10837180 
0.00000000 0.00000000 -0.13336238 -0.08927124 -0.16134995 
0.00000000 0.00000000 -0.14212702 0.00000000 -0.16392334 
-0.07999981 -0.07999981 -0.07218063 -0.04124573 -0.08000038 
0.00000000 0.00000000 0.00000000 0.00000000 -0.06580354 
0.00000000 -0.07999981 0.00000000 -0.09600008 0.00000000 
0.00000000 0.00000000 -0.07999962 -0.07999962 -0.05805672 
0.00000000 0.00000000 -0.08000038 0.00000000 0.00000000 
-0.08026856 -0.08053787 0.00000000 -0.08053787 -0.08080662 
-0.07931259 -0.07862576 -0.08053711 -0.09279779 -0.19765747 
-0.07931259 -0.08015144 -0.09323019 -0.09855641 -0.09709829 
0.00000000 -0.13559046 -0.09438524 -0.07929047 0.00000000 
-0.08037708 -0.12933377 -0.10188040 -0.08077515 -0.09098558 
-0.07944763 -0.10744432 -0.07947338 -0.10264168 -0.33418181 
-0.04917458 -0.07775562 -0.71173892 -0.11374305 -0.35578522 
-0.09561958 -0.10757599 -0.66010168 -0.09974354 -0.15258426 
0.00000000 -0.10301305 -0.19211207 -0.10659439 -0.10174125 
0.00000000 -0.10026707 -0.11248262 -0.12238411 -0.08527473 
-0.08439520 -0.08532897 -0.10035667 -0.09091885 0.00422844 
-0.11653248 -0.13962534 -0.37306802 -0.12440377 -0.12564107 
-0.10137137 -0.16989732 -0.08034757 -0.10687117 -0.27609356 
-0.11265066 -0.28209856 -0.07681496 -0.12390817 -0.14045380 
0.00000000 -0.10833078 -0.11921118 -0.10545357 -0.14637268 
0.00000000 -0.23648270 -0.16554346 -0.09647375 -0.26676262 
0.00000000 -0.30460108 -0.12908823 -0.30079448 -0.10067556 
0.00000000 -0.10748413 -0.10728632 -0.10460872 -0.08464935 
0.00000000 -0.05123184 -0.00766153 0.00000000 -0.04296387 
-0.08000038 -0.02859009 -0.05304306 0.00000000 -0.07999981 
-0.08000000 -0.08000038 -0.07999962 0.00000000 0.00000000 
0.00000000 0.00000000 -0.08000000 -0.08000000 -0.09600015 
0.00000000 -0.09919987 -0.07999962 0.00000000 0.00000000 
0.00000000 -0.08053749 -0.09920005 0.00000000 -0.08000000 
-0.08026894 -0.26259621 -0.08053749 -0.14117439 -0.08053730 
-0.06708344 -0.07942056 -0.16691120 -0.07999771 -0.08270081 
-0.08711289 -0.07396057 -0.11073158 -0.05593396 -0.08010147 
0.00000000 -0.07649963 0.00000000 0.00000000 -0.07929047 
0.00000000 0.00000000 0.00000000 -0.35582169 -0.09124536 
0.00000000 -0.07799805 -0.31500901 -0.10989328 -0.13764101 
-0.10967644 -0.11395278 -0.11091431 -0.13099584 -0.27498392 
-0.09354637 -0.11441816 -0.68934656 -0.11948163 -0.28763402 
-0.10354626 -0.11046816 -0.14734154 -0.11458215 -0.14828721 
-0.09476984 -0.16597093 -0.12036871 -0.10043208 -0.05174159 
-0.08503874 -0.15097574 -0.09312493 -0.12048742 -0.29237863 
-0.08993195 -0.10525889 -0.10829100 -0.11851714 -0.09169985 
-0.09041498 -0.27596951 -0.04211863 -0.10579947 -0.13459956 
0.00000000 -0.31709640 -0.10832536 -0.11637831 -0.09988482 
-0.11029509 -0.32829045 -0.13823576 -0.09869146 -0.13028585 
-0.05713833 -0.09328783 -0.08279848 -0.07967779 -0.16812941 
-0.08005703 -0.08004501 -0.13604049 -0.10829228 -0.13232926 
-0.09337385 -0.25004891 -0.09739597 -0.09807548 -0.28984064 
0.00000000 -0.20435189 -0.08000095 0.00000000 -0.01066171 
-0.08000000 0.00000000 -0.08307007 -0.03895233 -0.07999962 
0.00000000 -0.08000000 -0.02381256 -0.12592438 -0.08000038 
0.00000000 0.00000000 -0.37641077 -0.09600008 0.00000000 
0.00000000 -0.08000000 -0.64317750 -0.08000000 0.00000000 
-0.07999905 -0.07999733 -0.89831056 -0.07999752 -0.07999981 
-0.09121273 0.08355515 -0.07999714 -0.08018101 -0.08053787 
-0.07993363 -0.07999657 -0.07999561 -0.07545205 -0.07999771 
-0.07999886 -0.07999619 -0.07999600 -0.14421662 -0.07898218 
0.00000000 0.00000000 -0.07999733 0.00000000 0.00000000 
0.00000000 -0.06587091 0.00000000 -0.14469956 0.00000000 
0.00000000 0.37459306 -0.03381142 -0.07316063 -0.13035631 
-0.09700287 -0.09177393 -0.21942994 -0.09787007 -0.09882496 
-0.10662388 -0.10798801 -0.56352669 -0.11466126 -0.13396146 
-0.09755367 -0.10312881 -0.10845785 -0.11382921 -0.10000632 
-0.09715099 -0.10744667 -0.11004996 -0.09160336 -0.11232269 
-0.08856367 -0.17310612 -0.10521455 -0.11100870 -0.12774816 
-0.08151968 -0.12886413 -0.10918561 -0.10334863 -0.13755437 
-0.08044260 -0.12798313 -0.06512615 -0.14796893 -0.08297005 
-0.10084303 -0.11694477 -0.06350547 -0.11943487 -0.17908700 
-0.08293312 -0.23465737 -0.09595319 -0.10749826 -0.11363378 
-0.08293293 -0.31322335 -0.09717607 -0.09939931 -0.11954461 
0.00000000 -0.25025521 -0.07348383 -0.02594269 0.00000000 
0.00000000 -0.09935753 -0.04371918 -0.08484316 -0.12569699 
0.00000000 -0.04668167 -0.23716680 -0.05144330 -0.09712839 
0.00000000 -0.02511566 -0.08910900 0.00000000 -0.03933075 
