12395
-0.09919707 -0.10537597 -0.09920023 -0.10481311 -0.10290773 
-0.09599981 -0.19302719 -0.09961783 -0.10383820 -0.09905647 
-0.07988480 -0.07999981 -0.08434251 -0.08958154 -0.07995270 
-0.08286560 -0.13013849 -0.08999413 -0.11442637 -0.09016241 
-0.06720121 -0.11523360 -0.99579856 -0.12066972 -0.11127597 
0.00000000 -0.18406025 -0.37153893 -0.04631438 0.18541662 
-0.07676361 -0.07734173 -0.15732585 -0.09629213 -0.35711962 
-0.03911026 -0.08000589 -0.22687282 -0.05043495 -0.06215812 
-0.06777523 -0.12785275 -0.82208222 -0.08117061 -0.08006428 
0.00000000 -0.09489303 -0.62701410 -0.08672360 -0.10854601 
-0.08020619 -0.08178738 -0.08013145 -0.08066242 -0.10894488 
-0.08089359 -0.08444385 -0.08268097 -0.08683086 0.06305131 
-0.06346052 -0.08306341 -0.10095577 -0.09557785 -0.08651876 
0.00000000 -0.12346370 -0.09894389 -0.10713264 -0.09722984 
-0.08923700 -0.13309714 -0.09875971 -0.12780531 -0.09298962 
-0.08077648 -0.10082731 -0.08274588 -0.10793826 -0.10054406 
-0.09099819 -0.09187722 -0.09504093 -0.09842898 -0.29430886 
-0.04190662 -0.09747084 -0.09296448 -0.10302024 -0.12895245 
-0.05273216 -0.05961884 -0.08789597 -0.09595281 -0.10340973 
0.00000000 -0.14897134 -0.01225477 -0.08034485 -0.07729653 
-0.04495514 -0.05021790 -0.15026677 -0.08392609 -0.15178448 
-0.07007301 -0.10792003 -0.08185445 -0.07043675 -0.08111975 
-0.08329590 -0.09437608 -0.09386102 -0.10012339 -0.10238845 
-0.08000000 -0.09679521 -0.09117786 -0.18570787 -0.09342275 
-0.09600191 -0.09646273 -0.10383808 -0.09873838 -0.10370284 
-0.08000019 -0.09599996 -0.11466454 -0.10076328 -0.08343330 
-0.09563852 -0.09600019 -0.09522713 -0.09603662 -0.09808435 
-0.07917984 -0.13605830 -0.09604276 -0.10424585 -0.09550783 
-0.07917946 -0.09559240 -0.09526413 -0.17392245 -0.11744221 
-0.07917984 -0.16955249 -0.09553861 -0.16604518 -0.08607702 
-0.08819473 -0.14177558 -0.16949617 -0.09932890 -0.32418799 
-0.07707451 -0.09351001 -0.77491167 -0.09193688 -0.07071645 
0.00000000 -0.06341074 -0.04772256 -0.06420624 -0.10895004 
0.00000000 -0.09683846 -0.07118815 0.10711579 -0.10122971 
-0.08220852 -0.07297290 -0.51326317 -0.09661205 -0.09661225 
-0.08073090 -0.08749115 -0.07744359 -0.09635879 -0.08170593 
-0.09604135 -0.10513345 -0.09466031 -0.10151814 -0.09591467 
-0.07643946 -0.10655439 -0.09588836 -0.10174865 -0.22152143 
-0.07996204 -0.17788362 -0.66546226 -0.11304353 -0.10232831 
-0.07475803 -0.08853636 -0.87853999 -0.10008766 -0.11360786 
-0.07019795 -0.21289524 -1.22941145 -0.09717450 -0.27231882 
-0.07824858 -0.07466794 -0.58001920 -0.09586119 -0.07999981 
-0.08901947 -0.14867371 -0.10007645 -0.10656133 -0.11070545 
-0.08301361 -0.21632546 -0.08091839 -0.11790360 -0.07944984 
-0.05786751 -0.09484935 -0.08059543 -0.12348150 -0.13179253 
-0.08000000 -0.09923357 -0.09197930 -0.08988670 -0.08239794 
-0.08000000 -0.09226675 -0.08649072 -0.09929644 -0.10018751 
-0.09614763 -0.10912859 -0.09723546 -0.10041275 -0.10224901 
-0.09578554 -0.17637203 -0.10276816 -0.10014885 -0.09801520 
-0.07942455 -0.07999962 -0.09591490 -0.09589205 -0.09761684 
-0.08000000 -0.09841126 -0.08000038 -0.09603655 -0.08000019 
-0.07999981 -0.13118753 -0.08000000 -0.08884317 -0.09603063 
-0.08013924 -0.25767040 -0.13264394 -0.08526696 -0.09568029 
-0.06415642 -0.07296281 -0.08345365 -0.12979101 -0.09474128 
-0.07937821 -0.22464394 -0.07104843 -0.13727091 -0.09101121 
-0.08535736 -0.11821451 -0.18766179 -0.17245050 -0.09340998 
-0.07988480 -0.09852419 -0.40600115 -0.11914204 -0.08380794 
-0.09796312 -0.05517763 -0.08420986 -0.15243481 -0.08135851 
-0.08037193 -0.10178653 -0.58934258 -0.11366700 -0.08070808 
-0.06492041 -0.08749857 -0.11568455 -0.08463308 -0.09171933 
-0.07350882 -0.07455380 -0.09391933 -0.11244176 -0.09390461 
0.00000000 -0.10910893 -0.07969858 -0.08754818 0.00000000 
-0.10243757 -0.13566240 -0.17874370 -0.08989661 -0.10382458 
-0.05203188 -0.09287127 -0.06951597 -0.12546073 -0.06426696 
-0.08172386 -0.10332522 -0.13358457 -0.09563661 -0.21844212 
-0.07964113 -0.09598003 -0.67906875 -0.11024476 -0.10194697 
0.00000000 -0.10724727 -0.10658331 -0.10051125 -0.09725879 
-0.08153294 -0.08000000 -0.08315476 -0.09679628 -0.08061245 
-0.08000000 -0.18802880 -0.08000019 -0.08000000 -0.08732435 
-0.07999981 -0.08113373 -0.07174536 -0.08000019 -0.09212150 
-0.07999981 -0.11340759 -0.09602762 -0.08000000 -0.08659256 
-0.08000019 -0.10387847 -0.08000019 -0.10544713 -0.10185054 
-0.07976082 -0.09434902 -0.09990421 -0.28285776 -0.10537119 
0.00000000 -0.14830406 -0.09165202 -0.09795190 -0.12539415 
-0.07976044 -0.11550748 -0.11073572 -0.08908579 -0.09663208 
-0.08000019 -0.16553384 -0.13726443 -0.00957619 -0.09612314 
-0.08000019 -0.13227699 0.01692862 -0.13046411 -0.10891423 
0.00000000 0.00000000 0.00090837 -0.07999724 -0.12979446 
0.00000000 -0.06938904 -0.07768982 -0.14481629 -0.06938942 
-0.07646301 -0.02088039 -0.07292622 -0.14299057 -0.14829138 
-0.08514755 -0.09130781 -0.21716851 -0.14707754 0.37875130 
-0.08037193 -0.13517750 -0.16236963 -0.09522064 0.02787583 
-0.08037193 -0.07688854 -0.40985541 -0.34944034 -0.08074387 
-0.07975357 -0.09313339 -0.13791481 -0.05516471 -0.08844756 
-0.09364061 -0.10638833 -0.09416530 -0.09422701 -0.19113253 
-0.06819857 -0.07568814 -0.22450151 -0.09151777 -0.09634800 
-0.07475794 -0.10619515 -0.08835496 -0.08963507 -0.07910497 
-0.11511439 -0.10450590 -0.07965944 -0.09261119 -0.08082716 
-0.07586125 -0.09403286 -0.08004273 -0.03122731 -0.07946404 
-0.07876499 -0.10975259 -0.45076756 -0.10629109 -0.14465701 
-0.07922447 -0.09947863 -0.54124686 -0.09416381 -0.10486723 
-0.08004025 -0.11702730 -0.10224430 -0.22560960 -0.10078724 
-0.08000000 -0.07690704 -0.07999962 -0.07297666 -0.08000000 
-0.08076790 -0.08029259 -0.08000000 -0.03178738 -0.03033951 
-0.08067043 -0.08264659 -0.08144653 -0.09636191 -0.10944290 
-0.07975968 -0.09140887 -0.11134617 -0.08584346 -0.10405999 
0.00000000 -0.11525391 -0.08345344 -0.12191229 -0.04095390 
0.00000000 -0.08054016 0.00000000 -0.07241802 -0.09795374 
0.00000000 -0.03942941 -0.09665186 0.00139648 -0.08704065 
0.00000000 -0.08909113 -0.00905779 -0.15031021 -0.14092937 
-0.07999848 -0.16599230 -0.13695375 -0.13630875 -0.10921143 
0.00000000 -0.26496094 -0.08000687 0.00000000 -0.07999819 
0.00000000 -0.14481781 0.00000000 -0.12011820 -0.18320130 
0.00000000 -0.12315417 0.00000000 -0.16179989 -0.14076603 
-0.08257893 -0.15320150 -0.73918924 -0.11945094 -0.00778632 
-0.06041363 -0.10288670 -0.22765105 -0.09763467 -0.15158838 
-0.07921761 -0.10853033 -0.17927103 -0.13206223 -0.08334362 
-0.07991913 -0.06000346 -0.10034990 -0.19191740 -0.08177502 
-0.08000115 -0.08901474 -0.09686538 -0.08983912 -0.08278862 
-0.07548111 -0.01331458 -0.10307016 -0.09488854 -0.13721463 
-0.07856939 -0.25846483 -0.13099114 0.18233867 -0.11023516 
-0.07959250 0.25361873 -0.70162531 -0.13883817 -0.10949896 
-0.07182530 -0.07951046 -0.63048764 -0.09069017 -0.08859045 
-0.11486633 -0.18730477 -0.07633052 -0.12102375 -0.12243735 
-0.12640427 -0.16989811 -0.12570008 -0.09086644 -0.08778497 
-0.08000038 -0.09734822 -0.39769829 -0.08290909 -0.09827203 
-0.07555721 -0.07281979 -0.43193558 -0.05323358 -0.07261219 
-0.08378380 -0.08277844 -0.08531140 -0.09467294 -0.08756760 
-0.08022049 -0.08044174 -0.09805666 -0.10212406 -0.09606515 
-0.08363464 -0.09045200 -0.08756836 -0.10601282 -0.09001253 
0.00000000 -0.14291748 -0.08009041 -0.09839910 -0.10038385 
0.00000000 -0.08008545 -0.08832074 -0.01512626 -0.07291992 
0.00000000 0.00000000 0.09236304 -0.08044251 -0.08005188 
0.00000000 -0.12687348 0.00000000 -0.09056299 -0.19360169 
0.00000000 -0.35683411 -0.06503723 -0.18280228 -0.12704056 
0.00000000 -0.33908349 -0.10265625 0.00000000 0.00000000 
0.00000000 -0.26750845 -0.13524140 0.00000000 -0.15613138 
-0.08257893 -0.24895345 -0.60477680 -0.00285073 -0.08515785 
0.00000000 -0.17118569 -0.04096601 -0.04365695 0.05970097 
-0.08748310 -0.08205155 -0.30167791 -0.12900565 -0.07169541 
-0.07741821 -0.07970732 -0.08414162 -0.09559679 0.57763603 
-0.07990254 -0.09412227 -0.09595483 -0.14032091 -0.10231047 
-0.08007982 0.10620102 -0.14624768 -0.09451178 -0.13932283 
-0.10414374 -0.13839752 -0.37332044 -0.25887607 -0.09086862 
-0.07994240 -0.09606581 -0.12218575 -0.08877348 -0.08661202 
-0.08000057 -0.09429100 -0.14681506 -0.12241090 -0.11115767 
-0.04552219 -0.08032387 -0.10513806 0.06560054 -0.06675817 
0.00000000 0.57790916 -0.08231228 -0.05604141 -0.10079318 
-0.07268532 -0.09231390 -0.09838224 -0.01763261 -0.07857991 
-0.08193119 -0.08386162 -0.06837506 -0.08415955 -0.10234345 
0.00000000 0.31350519 -0.08435412 -0.03612306 -0.06332677 
-0.10960606 0.04137570 -0.09723860 -0.13115839 -0.10988339 
-0.09474802 -0.09764811 -0.10246888 -0.12593182 -0.09529777 
-0.08020104 -0.11807659 -0.10862660 -0.11191046 -0.04189498 
0.00000000 -0.09668566 -0.09935472 -0.16135187 -0.10590166 
0.00000000 -0.09719634 -0.10272764 -0.06760102 -0.30310829 
0.00000000 -0.11108484 -0.10554119 -0.08001526 -0.09617029 
0.00000000 -0.06069153 -0.06200769 -0.00532959 -0.11380823 
0.00000000 0.00000000 -0.09853943 0.00000000 -0.13140076 
0.00000000 -0.25559815 0.00000000 0.00000000 -0.14301880 
0.00000000 0.00000000 -0.09826782 -0.16728943 -0.22732743 
0.00000000 0.22166016 0.00000000 -0.01452374 -0.08230694 
0.00000000 -0.13537110 0.00000000 -0.24350290 -0.04396544 
0.00000000 0.02590820 -0.00355785 -0.14651998 -0.07362803 
0.00000000 0.00000000 -0.05427596 -0.11288200 0.51188939 
-0.06038120 -0.10864767 -0.10328741 -0.11602479 -0.09475238 
-0.10080336 -0.10225917 -0.12187866 -0.19888017 -0.09768399 
-0.09775170 -0.36097717 -0.10552237 -0.15038809 -0.10067797 
-0.08004864 -0.09592403 -0.09024280 -0.10097530 -0.08082061 
0.00000000 -0.05239293 -0.10600201 -0.07386489 -0.11082230 
0.00000000 -0.00557224 -0.50948001 -0.07490287 -0.04585119 
0.00000000 -0.09004128 -0.02506683 -0.07721856 -0.02821985 
-0.07198761 1.09424135 -0.10208750 -0.09068080 -0.08278912 
-0.08165806 0.72032971 -0.38063916 -0.09412613 -0.08370655 
-0.09916008 -0.09450483 -0.40897587 -0.16511542 0.12783499 
0.00000000 -0.08131207 -0.10039533 -0.08645998 -0.10079842 
0.00000000 -0.04245640 -0.11160710 -0.31720628 -0.07564588 
-0.12015351 -0.24700426 -0.25729150 -0.29079255 0.59809774 
0.00000000 -0.10163665 -0.11619226 -0.10191410 -0.08920563 
0.00000000 -0.10220116 -0.08123275 -0.16332300 -0.28936862 
0.00000000 -0.00162781 -0.08144959 -0.08367517 -0.09965295 
0.00000000 -0.10800293 0.00000000 -0.06531528 -0.11637085 
0.00000000 -0.09226196 -0.10835388 -0.12313660 0.00000000 
0.00000000 -0.16672486 0.00000000 -0.05897949 -0.17734497 
0.00000000 -0.28407549 -0.12229150 -0.18845095 -0.24860163 
0.00000000 -0.06385799 -0.22752306 -0.00734465 -0.05423045 
0.00000000 0.09473755 -0.26747527 -0.21873884 -0.04893630 
0.00000000 -0.07026864 -0.05896443 -0.24262402 0.46658204 
0.00000000 -0.03295061 -0.08287541 0.00000000 -0.11968509 
-0.09242581 -0.12431938 -0.10945589 -0.10530308 -0.10861394 
-0.08029464 -0.08088368 -0.11014181 -0.62851452 -0.10620182 
-0.08307026 -0.19990528 -0.08407215 -0.08993229 -0.11654408 
-0.02406977 -0.11037733 -0.03531776 -0.08033270 -0.06154473 
0.00000000 -0.07458998 -0.06010921 -0.11272009 -0.07492388 
-0.05980194 -0.09697594 -0.06647387 -0.07467510 -0.06472217 
-0.06462925 0.43594619 -0.12057535 -0.10239963 -0.11750458 
0.00000000 -0.06020630 -0.04975455 -0.05569238 0.48291851 
-0.04956062 -0.07300690 -0.00754463 -0.08183144 -0.05184046 
0.00000000 -0.07595216 -0.09457712 -0.12890396 -0.04635491 
-0.07650345 -0.03561365 -0.09516603 -0.08625668 -0.08681706 
0.00000000 -0.03555608 -0.12590802 -0.42214075 0.55785995 
0.00000000 -0.11611170 -0.09693114 -0.61937800 -0.29917902 
0.00000000 -0.02047906 -0.09702509 -0.06800962 -0.09231079 
0.00000000 0.00000000 0.00000000 -0.08004883 -0.20446907 
0.00000000 0.00000000 0.00000000 -0.10761957 -0.24791687 
0.00000000 -0.07913941 -0.10126007 -0.00048594 -0.07390018 
0.00000000 -0.14483765 -0.21362951 0.03327919 -0.10264917 
0.00000000 -0.25711182 -0.18580587 -0.14571655 0.00000000 
0.00000000 -0.07294397 -0.13871739 -0.11129731 -0.23342138 
0.00000000 -0.07885710 -0.09602137 -0.08358184 0.43042280 
0.00000000 -0.12779206 -0.17325939 -0.09824847 -0.23698243 
0.00000000 -0.22100157 -0.12351542 -0.11244119 -0.05501350 
0.00000000 -0.07184442 0.01154511 0.00000000 -0.13783313 
-0.07641461 -0.10688329 -0.11273602 -0.12098492 -0.07965973 
-0.07760561 -0.13496372 -0.09822142 -0.68444258 -0.08073905 
-0.11115025 -0.11730636 -0.12959010 -0.01280600 -0.11119233 
0.00000000 0.17519495 -0.12585127 0.00000000 -0.05844596 
0.00000000 0.35076049 -0.11198347 -0.05707220 -0.00526538 
-0.05980175 -0.08873490 -0.08681405 -0.31787203 -0.06281268 
-0.03760002 -0.04237894 -0.07575558 -0.65919923 -0.00253840 
-0.07040413 -0.11308411 -0.06045139 -0.05945891 -0.05311304 
0.00000000 -0.06409471 -0.04025028 -0.84518929 -0.04144104 
-0.08024681 0.13934415 -0.08881433 -0.08886316 -0.11902244 
-0.08024758 -0.10344001 -0.08049400 -0.10484995 0.54447203 
0.00000000 -0.07886469 0.49692396 -0.10646916 -0.02931030 
0.00000000 -0.10253503 0.01146533 -0.11460718 -0.26854273 
0.00000000 -0.07801026 -0.09660515 0.00000000 -0.04098756 
0.00000000 -0.04097275 -0.06572229 -0.07701233 -0.40632142 
0.00000000 -0.07386920 -0.05286336 -0.38921908 0.00000000 
0.00000000 -0.07555527 -0.18512397 -0.07436646 -0.13560913 
0.00000000 -0.15262575 -0.26253748 -0.03098870 -0.09258850 
0.00000000 -0.14281435 -0.12255701 -0.16021935 -0.13776611 
0.00000000 -0.06664258 -0.11311854 -0.08928615 -0.13641490 
0.00000000 -0.06768616 -0.01180000 -0.12754944 -0.06547462 
-0.08114823 -0.11831968 -0.17823347 -0.08088098 -0.17742174 
0.00000000 0.00000000 -0.07695435 -0.12370447 -0.11076907 
0.00000000 0.00000000 0.00000000 -0.21949890 0.00000000 
0.00000000 -0.08206909 0.00000000 0.00000000 -0.15117477 
0.00000000 -0.11562622 -0.10592485 -0.19063401 -0.16080318 
-0.04562119 0.26842440 -0.07882974 -0.41020433 -0.15174530 
0.00000000 0.13084630 -0.05205736 -0.08108919 -0.08499954 
-0.08230241 -0.08782051 -0.09421261 -0.07344863 0.14930055 
-0.08301561 -0.06945371 -0.08665808 -0.08719566 -0.06670226 
0.00000000 -0.08013313 -0.04674385 -0.09321883 0.00000000 
0.00000000 -0.03624948 0.01363218 -0.25776184 0.00000000 
0.00000000 -0.06138570 -0.10923889 -0.27637591 -0.31246406 
0.00000000 -0.06843060 -0.26620843 -0.08536821 -0.11149505 
0.00000000 -0.05067500 -0.10556433 -0.10018026 -0.15879053 
0.00000000 -0.08031433 -0.11106362 -0.07689636 0.32384467 
0.00000000 -0.08031128 -0.12772150 -0.08046997 -0.16464324 
0.00000000 0.00000000 -0.09768610 -0.09659570 0.00000000 
0.00000000 -0.14562958 -0.02027863 -0.17844971 -0.07700928 
0.00000000 -0.06212468 -0.15030481 -0.08027139 -0.18886584 
0.00000000 -0.06299097 -0.06916321 0.00000000 -0.05747192 
0.00000000 -0.07029810 0.00000000 -0.13812952 -0.02614771 
0.00000000 -0.06360681 -0.13295221 -0.26754502 -0.16131310 
-0.07992104 -0.08737727 -0.09082512 -0.12397272 -0.10887898 
0.00000000 -0.09583719 -0.10250170 0.00000000 -0.04686279 
0.00000000 -0.10891489 -0.09483101 -0.04226621 -0.09581079 
0.00000000 -0.10157061 -0.11096642 -0.09089172 -0.11649574 
0.00000000 -0.15169800 0.00176559 -0.10704506 -0.11718262 
0.00000000 0.00000000 -0.08889453 -0.11653223 0.00000000 
0.00000000 -0.11215326 -0.05437286 0.00000000 -0.11396020 
0.00000000 0.08348149 -0.11430786 -0.42051552 -0.05722639 
0.00000000 -0.09824423 -0.08822082 -0.09922689 0.29398162 
-0.07290648 -0.08262413 -0.10280825 -0.12801874 0.10005312 
-0.08429063 -0.09115404 -0.08858107 -0.26008754 -0.08959439 
0.00000000 -0.08699323 -0.20150510 -0.04200104 -0.07997044 
0.00000000 -0.08000649 -0.29089674 -0.05965288 -0.22310582 
-0.07937153 -0.08000687 -0.15534273 -0.26568214 -0.40087009 
0.00000000 -0.08022183 -0.07874268 -0.03516448 -0.00981551 
-0.10754364 -0.10699407 -0.12537025 -0.09207206 -0.11367556 
-0.07820938 -0.10697144 -0.06942773 -0.12455471 -0.21618164 
0.00000000 -0.09600427 0.00000000 -0.09451013 -0.13552674 
-0.08227871 -0.15505815 -0.08230081 -0.08062561 -0.08046692 
0.00000000 -0.15948633 -0.09005497 0.00000000 -0.17844666 
0.00000000 -0.04154633 -0.06644028 -0.08266266 -0.19398126 
0.00000000 -0.11501358 -0.08512772 -0.10842026 -0.08243530 
-0.08793839 -0.11002377 -0.58532189 -0.11175354 -0.11511048 
-0.12167938 -0.11992233 -0.21200722 -0.14224368 -0.11883209 
-0.12373093 -0.09398163 -0.14517925 -0.09864166 -0.12018021 
0.00000000 0.00000000 -0.15940413 -0.05749999 0.00000000 
0.00000000 -0.06912525 -0.11420313 0.00000000 -0.07410095 
0.00000000 -0.08069798 0.00000000 -0.06882151 -0.02926931 
0.00000000 -0.09411310 -0.07424798 -0.09698084 -0.11630147 
0.00000000 -0.09005884 -0.09700792 0.00000000 -0.11580933 
0.00000000 -0.15754212 -0.07882202 0.00000000 0.02348242 
0.00000000 -0.16141863 -0.03102539 -0.24210862 -0.08629091 
0.00000000 -0.04617464 0.00000000 0.00000000 -0.09236030 
0.00000000 -0.05178430 -0.09967392 -0.23183801 0.02099909 
0.00000000 -0.08571554 -0.28668287 -0.07269754 -0.12755341 
0.00000000 -0.09569500 -0.05404293 -0.04771300 -0.01725638 
-0.06023310 -0.09409399 -0.06398206 -0.09803578 -0.09841284 
-0.05769508 -0.09867945 -0.08667403 -0.19000038 -0.18920764 
0.00000000 -0.06722662 -0.10704149 -0.10647464 -0.08000992 
0.00000000 -0.06589469 -0.09697687 -0.10757381 -0.11221378 
-0.06074188 -0.09410166 -0.10580715 -0.08029907 -0.14827051 
-0.07036083 -0.07534957 -0.07976554 -0.07475708 -0.08101013 
0.00000000 -0.06723908 -0.07233647 -0.18193227 -0.21126068 
0.00000000 0.00000000 -0.14562958 -0.05814844 0.00000000 
0.00000000 0.00000000 0.00000000 -0.14658783 0.00000000 
0.00000000 -0.08487213 0.00000000 0.00000000 -0.10040460 
-0.08564232 -0.11994007 -0.08486755 -0.11175430 -0.09989746 
-0.04993599 -0.12340091 -0.12037744 -0.08830383 -0.10759476 
-0.05333298 -0.10485976 -0.08932121 -0.15271471 -0.06232117 
-0.04681061 -0.07477159 0.15202277 -0.07687572 -0.06104273 
-0.03900383 -0.04290467 -0.05432026 -0.11110492 -0.06504772 
0.00000000 -0.08049923 -0.11134613 -0.06219490 0.05092078 
0.00000000 -0.07801331 -0.11434353 -0.08756261 -0.11653759 
0.00000000 0.00000000 0.00000000 0.00000000 -0.07764404 
0.00000000 -0.09786559 0.00000000 0.00000000 -0.17814759 
0.00000000 -0.14920412 -0.10679837 0.00000000 -0.02896007 
0.00000000 -0.07650203 -0.08227258 -0.09189342 -0.06525781 
0.00000000 -0.12017603 -0.08165241 -0.17481858 -0.04725769 
0.00000000 -0.15579934 -0.19004572 -0.05460499 -0.00127347 
0.00000000 -0.09977557 -0.20503508 -0.19840004 -0.06883057 
0.00000000 -0.11407404 -0.07019556 -0.01237427 -0.14301411 
0.00000000 -0.08000000 -0.09175402 -0.12306693 -0.09912232 
-0.07815865 -0.08007634 -0.09492062 -0.14181754 -0.17414420 
-0.07954014 -0.09621851 -0.15351953 -0.11615833 -0.08742188 
0.00000000 -0.08015259 -0.17260865 -0.07998779 -0.06035211 
0.00000000 0.00000000 0.00000000 -0.07202576 -0.07874498 
0.00000000 -0.14687533 -0.14380396 -0.14228246 -0.21624477 
0.00000000 -0.10485836 -0.08662285 -0.04773941 -0.18760131 
0.00000000 -0.14792596 -0.12035402 -0.43045191 0.00000000 
0.00000000 -0.10223816 -0.09139374 0.00000000 -0.08183106 
0.00000000 -0.10223816 -0.10224121 -0.09492157 -0.11424539 
0.00000000 -0.01992920 -0.10223969 -0.08793054 -0.08745850 
0.00000000 -0.08405944 -0.12081879 -0.06899520 -0.05671509 
-0.08367012 -0.08859451 -0.10889252 -0.07818041 -0.07679329 
-0.06141174 -0.10132120 -0.13641709 -0.09932840 -0.16634872 
-0.07181767 -0.06969956 -0.06363495 -0.08633257 -0.06714982 
0.00000000 -0.06058729 -0.06812990 -0.14249147 -0.09028549 
0.00000000 -0.07459171 -0.12701929 0.19571332 0.00000000 
0.00000000 -0.05142630 -0.08675369 -0.08631342 -0.15024536 
0.00000000 -0.13980686 -0.11627405 0.00000000 -0.10679830 
0.00000000 -0.07677459 -0.10308697 -0.10040261 -0.10236007 
0.00000000 -0.11456087 -0.10119037 -0.08356737 -0.07722038 
0.00000000 -0.10020702 -0.05083000 -0.11065876 -0.08832663 
0.00000000 0.00000000 -0.09680809 -0.12260816 -0.01953658 
0.00000000 -0.06787842 -0.05193586 -0.08192980 -0.09589655 
0.00000000 -0.06818029 -0.03304117 -0.12461690 -0.07528118 
0.00000000 0.00000000 -0.14846057 -0.07961125 -0.08373090 
0.00000000 -0.08154199 -0.19228562 0.07415834 -0.06410669 
0.00000000 -0.15108270 -0.11982209 -0.11666698 -0.14880243 
0.00000000 -0.18062810 -0.09932024 -0.09628113 0.00000000 
0.00000000 0.00000000 -0.08509851 -0.26746087 -0.20230097 
0.00000000 -0.05756700 -0.06176422 -0.04299678 -0.03614703 
0.00000000 -0.06041240 -0.00207255 -0.66818513 -0.06215784 
0.00000000 -0.48004426 -0.04483789 -0.09793823 0.00000000 
0.00000000 -0.08712433 -0.09195679 -1.05404787 -0.11390588 
0.00000000 -0.07909821 -0.10511408 -0.11458292 -0.10403803 
-0.10630234 0.17408203 -0.10246881 -0.11858948 -0.10932742 
-0.10993164 -0.08400714 -0.53132600 -0.14321106 -0.13778275 
-0.05531586 -0.10346852 -0.06766057 -0.11081814 -0.19320216 
0.00000000 -0.06813000 -0.09597376 -0.11154423 -0.04726990 
0.00000000 -0.11198042 0.00000000 -0.10245289 -0.07071668 
0.00000000 -0.14260109 -0.17192255 -0.09562741 -0.09472378 
0.00000000 -0.04870984 -0.11130064 -0.07415884 -0.14516023 
0.00000000 -0.12279468 -0.06032934 -0.09143411 -0.10844141 
0.00000000 -0.24646874 0.07724032 -0.05141528 -0.10129967 
0.00000000 -0.35344392 -0.08754355 -0.12697738 -0.20569423 
0.00000000 -0.18480194 -0.10913635 -0.12354255 -0.09139476 
0.00000000 -0.09759486 -0.10100134 -0.10319798 -0.08704804 
0.00000000 -0.10917967 -0.01875961 -0.11766894 -0.07603406 
0.00000000 -0.08035095 -0.14449655 -0.05748094 -0.05399626 
0.00000000 -0.08022278 -0.13802526 -0.03898132 -0.12692717 
0.00000000 -0.11850854 -0.03319651 -0.51891297 -0.02806474 
0.00000000 -0.11644495 -0.03106815 -0.17942108 -0.18428688 
0.00000000 -0.14931055 -0.09271570 -0.19224207 -0.10750574 
0.00000000 -0.14393053 -0.08446574 -0.20351647 0.00000000 
0.00000000 -0.05114476 -0.15349787 -0.30162934 -0.05165606 
0.00000000 -0.08216980 -0.07972223 -0.36844758 -0.03503015 
0.00000000 -0.14413880 -0.10159577 -0.23477014 0.12590515 
-0.08659180 -0.08028992 -0.13102539 -0.10238465 -0.11503113 
-0.07122620 -0.10429453 -0.09318360 -0.11465296 -0.15726984 
-0.09190109 -0.17807230 -0.10587625 -0.13652503 -0.17504376 
-0.08796738 -0.14207605 -0.11281298 -0.13938013 -0.20179407 
0.00000000 -0.10788220 -0.11317390 -0.17608774 -0.09755540 
0.00000000 -0.11125495 -0.12176521 0.00000000 -0.14790069 
0.00000000 -0.10732217 -0.13128632 -0.09769003 0.00000000 
-0.06268490 -0.09406099 -0.13023967 -0.05839168 -0.07550314 
-0.07887924 -0.08759818 -0.08484036 -0.07270784 -0.07946374 
-0.05517567 -0.11256820 -0.07965826 -0.14854679 -0.10759879 
0.00000000 -0.27604205 -0.11154774 -0.09181833 -0.02087795 
0.00000000 -0.12726678 -0.03185117 -0.08913962 -0.10685746 
-0.05723703 -0.08496742 0.15511699 -0.08284264 -0.07724732 
0.00000000 0.01666054 -0.08662645 -0.11349794 -0.08099277 
0.00000000 -0.11690589 -0.16409990 -0.55915652 -0.07687649 
0.00000000 -0.13798318 -0.12445744 -0.10038936 -0.05143767 
0.00000000 -0.28719970 -0.06005411 -0.13550452 -0.04064755 
0.00000000 -0.12999321 -0.10144647 -0.12306018 -0.07093933 
0.00000000 -0.10031108 -0.08755823 -0.67010621 -0.19393049 
0.00000000 -0.07038696 -0.08968590 -0.49794282 -0.17845928 
-0.09198578 -0.09184845 -0.13327492 0.02309996 -0.10105103 
-0.12360771 0.00000000 -0.12945221 -0.00147293 -0.06650055 
0.00000000 0.00000000 0.00000000 -0.99113054 0.00288397 
0.00000000 0.00000000 0.00000000 -0.15779694 -0.11549280 
0.00000000 -0.09492462 -0.09194916 -0.09425324 -0.10238541 
-0.09413651 -0.12246454 -0.10610895 -0.10573633 -0.15457834 
-0.08083695 -0.12220667 -0.13099238 -0.09198557 -0.23199794 
-0.08999069 -0.14270429 -0.15983774 -0.10919769 -0.17060792 
-0.11697853 -0.11782113 -0.23807038 -0.11754502 -0.15068409 
-0.07138374 -0.07702187 -0.04765986 -0.11112030 -0.11680411 
-0.06226433 -0.06402595 -0.07150162 -0.15216824 -0.07407911 
-0.07807415 -0.11048208 -0.54504994 -0.09294877 -0.11237400 
0.00000000 -0.11591629 -0.11300603 -0.09852900 -0.07170361 
0.00000000 -0.08545044 -0.10411622 -0.12177660 -0.12105656 
-0.11003884 -0.06314828 -0.10723838 -0.11649044 -0.11404668 
-0.04824641 0.10451056 -0.06476840 -0.07724564 -0.08380819 
0.00000000 0.06370088 -0.08753840 -0.08709142 -0.04916196 
0.00000000 -0.08069935 -0.10247815 -0.50389033 0.42861070 
0.00000000 -0.02952617 -0.10120157 -0.36518915 -0.11995592 
0.00000000 -0.02584607 -0.10638258 -0.05013385 -0.10022417 
0.00000000 -0.05500713 -0.09355934 -0.04569977 -0.11719171 
0.00000000 -0.14372114 -0.04416321 -0.12374817 -0.11076352 
0.00000000 -0.11538593 -0.15542852 -0.13867883 -0.16989397 
-0.10913780 -0.10930184 -0.12630548 -0.17066919 -0.10878774 
-0.08497017 -0.09320868 -0.14715090 -0.07190741 -0.27681778 
-0.09633263 -0.08986571 -0.08172388 -0.07585724 -0.22518471 
0.00000000 -0.07790888 -0.06639448 -0.14865912 0.15946814 
0.00000000 0.00000000 -0.37561926 -0.07061235 0.00000000 
-0.12287605 -0.11589935 0.00000000 -0.09250725 -0.09068573 
-0.10276650 -0.23555681 -0.14984368 -0.12875826 -0.22288674 
-0.10331848 -0.22041559 -0.17554405 -0.18759187 -0.13893270 
-0.10033696 -0.29971894 -0.10703896 -0.10761307 -0.05621210 
-0.08827065 -0.31051033 -0.14291166 -0.11066591 -0.11140632 
0.00000000 0.00000000 -0.10608960 -0.13329437 -0.13714493 
0.00000000 -0.11207802 -0.17673894 -0.10504419 -0.09048036 
0.00000000 -0.09189500 -0.06841060 -0.11090900 -0.25748342 
-0.07832573 -0.09054456 -0.10937966 -0.10912489 -0.12059861 
-0.07832592 -0.24202787 -0.10345851 -0.08337160 -0.12936684 
-0.08695877 -0.22756675 -0.13305308 -0.10208196 -0.08783393 
-0.10397132 -0.22523321 -0.18726581 -0.59857867 -0.13498690 
-0.08122166 -0.13622572 -0.16838392 -0.10455654 -0.08663581 
0.00000000 -0.09367274 -0.11038030 -0.42982606 -0.06274522 
0.00000000 -0.06825178 -0.02345540 -0.20041355 -0.09783245 
0.00000000 -0.10128442 -0.07875803 -0.21552338 -0.01697455 
-0.09612358 -0.09613992 -0.10624413 -0.61902401 -0.12854279 
0.00000000 0.11578628 -0.15195375 -0.26813043 -0.13491247 
-0.07226914 -0.24371155 -0.09700128 -0.10083872 -0.05316952 
-0.07793205 -0.24949654 -0.11223522 -0.36171811 -0.15451782 
0.00000000 0.00000000 0.00000000 -0.17890252 -0.01551273 
0.00000000 -0.11439783 0.10757453 -0.77180604 0.00000000 
0.00000000 -0.09533051 -0.12240839 -0.11711815 -0.07835440 
-0.08733681 -0.17893456 -0.16626786 -0.10143593 -0.05882937 
-0.08666161 -0.08018501 -0.09422043 0.00000000 -0.07400597 
-0.09408692 -0.10121988 -0.22220124 -0.09576805 -0.11438402 
-0.05627411 -0.10437387 -0.10603073 -0.10300091 -0.14595648 
-0.08890885 -0.10587357 -0.19006303 -0.12345856 -0.17330254 
-0.08822182 -0.08482230 -0.09589852 -0.10275625 -0.23756015 
0.00000000 -0.08115547 -0.09362934 -0.09715566 0.00000000 
-0.08038490 -0.09049001 -0.70073918 0.03275578 -0.15906189 
0.00000000 -0.10544270 -0.13370455 -0.08358942 -0.26354693 
-0.08446406 -0.09785574 -0.08804749 -0.10876531 -0.10781765 
-0.10247763 -0.13684651 -0.07481063 -0.10158216 -0.27398414 
-0.07848163 -0.08765078 -0.08772046 -0.08180899 -0.04733316 
-0.08257263 -0.32181738 0.00094913 -0.09148906 -0.08286081 
0.00000000 -0.32467469 -0.12373347 -0.03175228 -0.25237465 
-0.04400948 -0.40886499 -0.20561914 -0.05517351 -0.12218256 
0.00000000 -0.14921350 -0.11868427 -0.86989283 -0.07532457 
-0.05232399 -0.23279292 -0.08187640 -0.11491876 -0.15428988 
-0.05189217 -0.26551043 -0.15352032 -0.07713464 -0.11368421 
-0.06304024 -0.11348110 -0.09015535 -0.97112207 -0.11033753 
-0.11113518 -0.12616830 -0.09809775 -0.11075562 -0.23743729 
0.00000000 0.00000000 0.00000000 -1.09097461 0.07866069 
0.00000000 -0.10910143 -0.13712946 -0.06797150 -0.01689575 
0.00000000 -0.09205712 -0.09107769 -0.07039772 -0.06472620 
-0.08812607 -0.09550102 -0.10049677 -0.10437744 -0.11588944 
-0.10453537 -0.09550064 -0.09550064 -0.10421887 -0.26486786 
-0.07894638 -0.07789276 -0.09550064 -0.09930885 0.00000000 
-0.07894676 -0.10036615 -0.09836815 -0.10540506 -0.09873750 
0.00000000 -0.11869566 -0.09787616 -0.04548527 -0.19995643 
0.00000000 -0.16243793 -0.14349831 -0.13479152 -0.12066034 
-0.10214890 -0.10494011 -0.12064589 -0.13227956 -0.11256400 
-0.08316277 -0.08948906 -0.34162301 -0.44273447 -0.08077019 
-0.08038509 0.00475091 -0.08115528 -0.08254955 -0.28340815 
0.00000000 -0.06408221 -0.12709986 -0.11484276 -0.14428865 
-0.05224631 -0.07472489 -0.38375213 -0.46328941 -0.10148488 
-0.07684067 0.22999173 -0.08627192 -0.08944482 -0.09344332 
-0.06388109 -0.07817097 -0.32283376 -0.10398005 0.55260527 
-0.10230053 -0.15232575 -0.10831550 -0.11145496 -0.20153683 
-0.05022133 -0.24259374 -0.09453922 -0.12613577 -0.32681415 
-0.06525734 -0.22477883 -0.12382865 -0.11231169 -0.22245203 
-0.10334480 -0.21947717 -0.13448680 -0.63323206 -0.15757886 
0.00000000 -0.29580887 -0.14013208 -0.13275879 -0.11412225 
0.00000000 -0.09908684 0.07342407 -0.08920487 -0.10410249 
-0.10254410 -0.18389862 -0.09195336 -1.01515071 -0.09480402 
-0.10680741 -0.19366120 -0.08808272 -0.76518373 -0.25159539 
-0.08966301 -0.14620712 -0.14119104 -0.20732849 -0.31886415 
-0.05227135 -0.07459406 -0.08666351 -0.08000038 -0.10766876 
-0.10470093 -0.14295262 -0.05670183 -0.08949136 -0.27399185 
-0.08333214 -0.33517521 -0.08666428 -0.03828705 -0.10437744 
-0.08775032 -0.11330345 -0.08666351 -0.09370468 -0.10146383 
-0.08977059 -0.11828103 -0.11504715 -0.11502503 -0.07684029 
-0.07665756 -0.12751322 -0.62410277 -0.15547666 -0.09303176 
-0.04475182 -0.10854614 -0.12547189 -0.12822832 -0.05876438 
-0.07264603 -0.09760931 -0.08683975 -0.10635836 -0.30288574 
0.00000000 -0.13121184 -0.95670623 -0.12263536 -0.09302414 
-0.05732287 -0.16040753 -1.00438983 -0.34808393 -0.07863320 
-0.07533072 -0.11233669 -0.65864861 -0.07402857 -0.00929176 
0.00000000 -0.10023654 -0.26115043 -0.08217896 -0.32610529 
-0.07405556 -0.10829827 -0.19247805 -0.10424528 -0.09169408 
-0.07679699 -0.08374156 -0.12033982 -0.09943884 0.31664750 
-0.08483914 -0.18227373 -0.07993745 -0.09653983 -0.10738749 
-0.08537758 -0.12690623 -0.10804926 -0.12406916 -0.10633804 
-0.07367390 -0.18348945 -0.09710818 -0.11364077 -0.13641249 
-0.10827282 -0.12859728 -0.11761537 -0.10205181 -0.23391949 
0.00000000 -0.15696130 -0.04253016 -0.16200073 -0.14132441 
0.00000000 0.00000000 -0.13821466 -0.15740900 -0.06800354 
0.00000000 0.00000000 -0.10704163 -0.07412766 -0.02496155 
-0.09357994 -0.34311350 -0.10374573 -0.72165040 -0.17101219 
0.00000000 -0.07450340 -0.12328308 -0.06510475 -0.14698991 
-0.07725189 -0.06492411 -0.11347168 -1.00326814 -0.16718987 
-0.08000000 -0.06884283 -0.12885212 -0.08000019 -0.07999981 
-0.03934486 -0.09462953 -0.08000076 -0.08056343 -0.21068353 
-0.08585938 -0.15465630 -0.08055962 0.00296286 -0.20917786 
0.00000000 -0.01299484 -0.08029411 0.00000000 -0.08830917 
-0.08108185 -0.10641725 -0.19486092 -0.09603779 -0.10708512 
0.00000000 -0.46741303 -0.13786743 -0.08303697 -0.12692802 
-0.08042420 -0.18667940 -0.76900730 -0.12229349 -0.12656820 
0.00000000 -0.14322941 -0.09651242 -0.17754139 -0.16264903 
-0.10277718 -0.30621712 -0.14957507 -0.55566971 -0.10370312 
-0.09550579 -0.10624548 -0.14415681 -0.17347050 -0.18105264 
0.00000000 -0.11863293 -0.17170904 -0.14114826 -0.07402895 
-0.06105087 -0.09930281 -0.61732108 -0.11308234 -0.41588022 
-0.07122276 -0.10305711 -0.20709425 -0.10798513 -0.09942621 
-0.09511202 -0.10307945 -0.10923398 -0.10375993 0.09654372 
0.00000000 -0.12462803 -0.08789047 -0.09953573 -0.11040791 
0.00000000 -0.22805636 -0.09201268 -0.11574332 -0.09904996 
-0.09793041 -0.16946104 -0.11821247 -0.09027654 -0.23459955 
0.00000000 -0.27190979 0.09757421 -0.07972800 -0.15846489 
0.00000000 -0.08816393 -0.03304590 -0.13499517 -0.23222559 
-0.10274389 -0.27203606 -0.13192577 -0.10281599 -0.12326782 
-0.08226593 -0.08311051 -0.11615608 -0.10681688 -0.12181366 
-0.08019264 -0.08038567 -0.12730072 -0.08057755 -0.12789850 
-0.05364616 -0.06272667 -0.11122347 -0.08057793 -0.25068291 
-0.07654923 -0.10709905 -0.14413950 -0.09390550 -0.18963822 
-0.08000019 -0.08000019 -0.08166130 -0.09302048 -0.20626882 
-0.08000000 -0.09308477 -0.08166054 -0.08000000 -0.09638754 
-0.07917984 -0.13405312 -0.15938957 -0.11186339 -0.13160637 
0.00000000 -0.07835968 -0.07835968 -0.13067171 0.00000000 
0.00000000 -0.13069141 -0.07835968 -0.10183328 -0.04455921 
0.00000000 -0.02941930 -0.06024051 -0.09108018 -0.07303732 
0.00000000 -0.04461931 -0.08320066 -0.17738916 -0.09396381 
-0.08368767 -0.15989598 -0.19635784 -0.12640961 -0.08591307 
0.00000000 0.06727495 0.00000000 -0.08523456 -0.10209481 
-0.08455418 0.03864838 -0.12497154 -0.08827561 -0.32249950 
0.00000000 -0.10677465 -0.11506830 0.09859976 -0.30819593 
-0.08781698 -0.09274404 -0.71303228 -0.09505026 -0.11460522 
-0.08093861 -0.09747058 -0.13431623 -0.10460803 -0.13207082 
-0.08193377 -0.10878105 -0.09995942 -0.11213532 -0.10002136 
-0.08988226 -0.09866556 -0.10231955 -0.10032950 -0.26192549 
0.00000000 -0.18060749 -0.11180597 -0.12314375 -0.12049898 
-0.05868185 -0.08018517 -0.10817007 -0.10300259 -0.10349527 
-0.09099529 -0.23203416 -0.20414926 -0.12293737 -0.15881976 
-0.07219713 -0.10396328 -0.08558861 -0.10801743 -0.16744339 
-0.08505324 -0.32178467 -0.09473318 -0.09603372 -0.11508120 
-0.08226631 -0.16186035 -0.09128393 -0.10985430 -0.16289743 
-0.08019226 -0.08038529 -0.11865076 -0.12027710 -0.08038490 
-0.09485367 -0.10883279 -0.09347086 -0.09455323 -0.18433197 
-0.08944367 -0.09630819 -0.08680903 -0.09244965 -0.08785570 
-0.08255051 -0.10059601 -0.08622002 -0.08510140 -0.09570972 
-0.09598589 -0.16786377 -0.09975264 -0.10921849 -0.09958451 
-0.09623453 -0.17878511 -0.10970357 -0.09647844 -0.13765896 
-0.09523634 -0.11656424 -0.09527139 -0.11388843 -0.13801050 
-0.03721488 -0.08532677 -0.11340873 -0.10169393 -0.13832253 
-0.06540573 -0.12936949 -1.06757777 -0.09378943 0.13835688 
0.00000000 -0.10681619 -0.67587059 -0.09011353 -0.10519016 
0.00000000 -0.09306131 -0.15788865 -0.06770318 -0.07478055 
-0.07014034 -0.08467887 -0.08195720 -0.15762493 -0.08015097 
-0.08548096 -0.11466551 -0.83031225 -0.12922086 -0.09001339 
-0.08732412 0.00907030 -0.50397996 -0.13757923 -0.09652985 
-0.08089359 -0.03556315 -0.18232482 -0.09591799 -0.11947268 
-0.07805098 -0.08662445 -0.10943775 -0.09460940 -0.08086811 
-0.07805098 -0.11639009 -0.08685227 -0.11003026 -0.18323294 
-0.07829121 -0.12185855 -0.12658079 -0.09651642 -0.26662820 
-0.05668047 -0.13618055 -0.11154319 -0.10019831 -0.13675376 
-0.06966313 -0.15592591 -0.09823024 -0.11035249 -0.20672078 
0.00000000 -0.30663009 -0.07986740 -0.07929058 -0.10792230 
0.00000000 -0.21880449 -0.10546041 -0.13845303 -0.09038694 
0.00000000 -0.36817964 -0.10856386 -0.01601913 -0.36655201 
-0.10998028 -0.22834018 -0.13090562 -0.14523382 -0.31979845 
-0.06950863 -0.07251442 -0.05654812 -0.08000000 -0.22378510 
-0.07484902 -0.11381730 -0.08038605 -0.10194953 -0.21474598 
-0.07992752 -0.09802607 -0.10121524 -0.09342130 -0.11884345 
